37
0 136	0	446		155	0
0 188	0	498		165	-1
0 423	0	733		73	0
0 472	0	782		74	-1
0 573	0	883		165	-1
0 643	0	953		162	-1
0 973	1	1083	161	2
1 931	0	1241	161	-1
1 1024	0	1334	82	-1
1 1089	0	1399	82	-1
1 1038	0	1348	164	-1
1 1115	0	1425	163	-1
1 1281	0	1591	80	-1
1 1422	2	1632	196	2
1 1339	1	1549	190	-1
1 1339	1	1576	190	-1
1 1339	1	1603	190	-1
2 1402	0	1712	161	-1
2 1445	0	1755	160	-1
2 1605	0	1915	158	-1
2 1649	0	1939	159	-1
2 1650	5	2025	174	2
2 1815	1	2135	75	-1
2 1834	1	2164	76	-1
2 1887  1	2197	78	-1
3 2493	4	2643	190	2
4 2544	0	2854	162	-1
4 2580	0	2890	162	-1
4 2570	0	2880	62	-1
4 2603	0	2913	62	-1
4 2667	0	2977	160	-1
4 2765	0	3075	164	-1
4 2756	0	3066	61	-1
4 2810	0	3120	60	-1
4 2850	0	3160	161	-1
4 3368	6	3488	58	2
5 3682	7	3682	44	-1
