5 1778 43 150 -112 121
55 1778 43 150 -112 121
105 1778 43 150 -112 121
156 1778 43 150 -112 121
205 1778 46 150 -112 121
255 1778 46 150 -112 121
304 1778 46 150 -112 121
354 1778 46 150 -112 121
405 1778 46 150 -112 121
3 1940 43 150 -112 121
53 1940 43 150 -112 121
102 1940 43 150 -112 121
153 1940 43 150 -112 121
203 1940 43 150 -112 121
253 1940 43 150 -112 121
303 1940 43 150 -112 121
353 1940 43 150 -112 121
403 1940 43 150 -112 121
453 1940 43 150 -112 121
503 1940 43 150 -112 121
554 1940 43 150 -112 121
4 2102 43 150 -112 121
53 2102 43 150 -112 121
103 2102 43 150 -112 121