4 580 19 100 -9 0
25 580 25 100 -12 0
52 580 27 100 -13 0
81 580 31 100 -15 0
114 579 37 100 -17 0
153 580 39 100 -19 0
194 580 35 100 -17 0
231 580 43 100 -20 0
275 580 49 100 -24 0
325 580 48 100 -24 0
375 580 48 100 -25 0
426 580 49 100 -25 0
476 580 50 100 -25 0
526 577 50 102 -25 0
3 688 51 104 -25 0
52 688 51 104 -25 0
103 688 51 104 -25 0
154 687 51 104 -25 0
204 686 51 104 -25 0
256 686 51 104 -25 0
307 686 51 104 -25 0
358 686 51 104 -25 0
409 686 51 104 -25 0
460 686 51 104 -25 0
511 686 51 104 -25 0
