3 235 81 81 -40 0
87 235 81 81 -40 0
167 235 81 81 -40 0
246 235 81 81 -40 0
328 235 83 81 -41 0
410 235 83 81 -41 0
493 235 83 81 -41 0
2 323 83 81 -41 0
83 323 81 81 -40 0
163 323 81 81 -40 0
241 321 81 84 -40 0
320 319 80 84 -40 0
400 317 80 86 -40 0
478 317 78 86 -39 0
1 407 77 88 -38 0
78 407 77 88 -38 0
153 407 73 88 -36 0
224 406 73 88 -36 0
295 406 72 88 -36 0
366 406 69 88 -35 0
433 406 64 88 -32 0
496 406 63 88 -31 0
2 495 61 79 -31 0
63 495 60 79 -30 0
122 495 58 79 -29 0
179 494 55 79 -29 0
233 494 51 79 -25 0
284 494 51 79 -25 0
