3 94 49 49 -24 0
54 94 49 49 -24 0
102 94 49 49 -24 0
150 94 49 49 -24 0
198 94 49 49 -24 0
246 94 49 49 -24 0
294 94 49 49 -24 0
342 92 50 49 -24 0
392 90 50 49 -24 0
441 90 49 48 -24 0
489 88 49 49 -24 0
537 87 49 49 -24 0
0 156 49 49 -24 0
48 155 48 51 -24 0
95 155 48 51 -24 0
142 155 46 51 -23 0
187 154 45 51 -22 0
231 152 45 51 -22 0
276 151 43 51 -21 0
317 151 43 51 -21 0
359 150 39 51 -19 0
397 149 38 51 -19 0
436 148 36 51 -18 0
471 147 37 50 -18 0
508 147 33 50 -17 0
541 147 33 50 -17 0
